Z	N	sc
0	1	-3.4313068018900026
1	0	-3.4313068018900026
1	1	-5.400135230011458
1	2	-4.717480345768095
2	1	-4.717480345768095
3	0	3.5999992288996765
1	3	1.5505355486958194
2	2	-4.286137775660649
3	1	1.5505355486958194
1	4	1.439369071685718
2	3	1.439369071685718
3	2	1.439369071685718
4	1	1.439369071685718
1	5	-2.272345811096784
2	4	1.3544800332370528
3	3	5.76306252079479
4	2	1.3544800332370528
5	1	-2.272345811096784
1	6	-2.158558160230001
2	5	-2.158558160230001
3	4	5.474408324757064
4	3	5.474408324757064
5	2	-2.158558160230001
2	6	-2.0646089086378367
3	5	1.8727324747179352
4	4	5.236076907878072
5	3	1.8727324747179352
6	2	-2.0646089086378367
2	7	-3.6191541344275606
3	6	1.8006161055299685
4	5	1.8006161055299685
5	4	1.8006161055299685
6	3	1.8006161055299685
2	8	-3.494276129334139
3	7	0.309508577467966
4	6	1.7384612050635724
5	5	-1.4308407743570513
6	4	1.7384612050635724
7	3	0.309508577467966
3	8	0.29981723058597254
4	7	0.29981723058597254
5	6	-1.386117743321563
6	5	-1.386117743321563
7	4	0.29981723058597254
8	3	0.29981723058597254
3	9	3.9218361198368257
4	8	0.2912342379423194
5	7	-2.814356662444027
6	6	-1.3465116544813327
7	5	-2.814356662444027
8	4	0.2912342379423194
3	10	3.818598492905892
4	9	3.818598492905892
5	8	-2.74028132913179
6	7	-2.74028132913179
7	6	-2.74028132913179
8	5	-2.74028132913179
9	4	3.818598492905892
4	10	3.7254405944938753
5	9	0.8269011588949979
6	8	-2.6734386415608924
7	7	-4.181465347232745
8	6	-2.6734386415608924
9	5	0.8269011588949979
4	11	4.128025901427009
5	10	0.8080801336353716
6	9	0.8080801336353716
7	8	-4.086416708433944
8	7	-4.086416708433944
9	6	0.8080801336353716
10	5	0.8080801336353716
4	12	4.040169864478571
5	11	1.252876318346921
6	10	0.7908613548286212
7	9	-1.1583931584169136
8	8	-3.9994621486418964
9	7	-1.1583931584169136
10	6	0.7908613548286212
5	12	1.227792319096352
6	11	1.227792319096352
7	10	-1.1352289613734001
8	9	-1.1352289613734001
9	8	-1.1352289613734001
10	7	-1.1352289613734001
11	6	1.227792319096352
5	13	-0.6934709121676974
6	12	1.2046019191325286
7	11	-0.669249956030626
8	10	-1.1138139380674374
9	9	1.9933353297355438
10	8	-1.1138139380674374
11	7	-0.669249956030626
5	14	-0.6811078189821842
6	13	-0.6811078189821842
7	12	-0.6573062389748543
8	11	-0.6573062389748543
9	10	1.9577530965614756
10	9	1.9577530965614756
11	8	-0.6573062389748543
12	7	-0.6573062389748543
5	15	-1.3278547367444276
6	14	-0.6695835588931232
7	13	-2.4173899882488286
8	12	-0.6461727022434616
9	11	2.367357301987738
10	10	1.9245843917707361
11	9	2.367357301987738
12	8	-0.6461727022434616
5	16	-1.3064544863844958
6	15	-1.3064544863844958
7	14	-2.378410940768447
8	13	-2.378410940768447
9	12	2.329176063226555
10	11	2.329176063226555
11	10	2.329176063226555
12	9	2.329176063226555
13	8	-2.378410940768447
6	16	-1.2863718442617937
7	15	-2.859017007902594
8	14	-2.3418315477570104
9	13	0.5134370687650858
10	12	2.2933452361922377
11	11	2.728888594673492
12	10	2.2933452361922377
13	9	0.5134370687650858
14	8	-2.3418315477570104
6	17	0.4208036040871548
7	16	-2.816987041700486
8	15	-2.816987041700486
9	14	0.5058908216648774
10	13	0.5058908216648774
11	12	2.6887455408185588
12	11	2.6887455408185588
13	10	0.5058908216648774
14	9	0.5058908216648774
7	17	-0.9116688676126614
8	16	-2.777325795057152
9	15	0.05653591606045438
10	14	0.49876988880674844
11	13	0.7742162562587964
12	12	2.6508645190376683
13	11	0.7742162562587964
14	10	0.49876988880674844
15	9	0.05653591606045438
7	18	-0.8993692677956915
8	17	-0.8993692677956915
9	16	0.05577663449639658
10	15	0.05577663449639658
11	14	0.7637439566890407
12	13	0.7637439566890407
13	12	0.7637439566890407
14	11	0.7637439566890407
15	10	0.05577663449639658
8	18	-0.8877089998537713
9	17	2.019576712298772
10	16	0.05505686285550837
11	15	0.29976604432954446
12	14	0.7538156765637609
13	13	-0.9713621498289058
14	12	0.7538156765637609
15	11	0.29976604432954446
16	10	0.05505686285550837
8	19	-0.705042833280686
9	18	1.9943478313851983
10	17	1.9943478313851983
11	16	0.2960025605134433
12	15	0.2960025605134433
13	14	-0.9592264017161369
14	13	-0.9592264017161369
15	12	0.2960025605134433
16	11	0.2960025605134433
8	20	-0.6965680597585333
9	19	2.140583266480121
10	18	1.9703352194285344
11	17	2.2215384636357385
12	16	0.29242029623105736
13	15	-1.531890745306896
14	14	-0.9476756958868577
15	13	-1.531890745306896
16	12	0.29242029623105736
17	11	2.2215384636357385
9	20	2.1157069700645934
10	19	2.1157069700645934
11	18	2.1956931725612776
12	17	2.1956931725612776
13	16	-1.514082349252817
14	15	-1.514082349252817
15	14	-1.514082349252817
16	13	-1.514082349252817
17	12	2.1956931725612776
18	11	2.1956931725612776
9	21	2.8908464050283555
10	20	2.091949050667381
11	19	2.3394421342266014
12	18	2.1710095256555633
13	17	0.23914228977025687
14	16	-1.4970745137735548
15	15	-2.1504943091034647
16	14	-1.4970745137735548
17	13	0.23914228977025687
18	12	2.1710095256555633
9	22	2.8594376515183058
10	21	2.8594376515183058
11	20	2.313998009756915
12	19	2.313998009756915
13	18	0.23653221062897956
14	17	0.23653221062897956
15	16	-2.127130201854129
16	15	-2.127130201854129
17	14	0.23653221062897956
18	13	0.23653221062897956
19	12	2.313998009756915
10	22	2.8293517030981548
11	21	3.0709840181965546
12	20	2.2896252267230466
13	19	0.39686408999898504
14	18	0.23403194226966662
15	17	-0.7311663598349014
16	16	-2.10475010381208
17	15	-0.7311663598349014
18	14	0.23403194226966662
19	13	0.39686408999898504
10	23	2.439313890115841
11	22	3.039633146096662
12	21	3.039633146096662
13	20	0.39280309939897506
14	19	0.39280309939897506
15	18	-0.7237114257709436
16	17	-0.7237114257709436
17	16	-0.7237114257709436
18	15	-0.7237114257709436
19	14	0.39280309939897506
20	13	0.39280309939897506
10	24	2.41517556361282
11	23	2.652184641730514
12	22	3.009523925800977
13	21	1.1551560948219048
14	20	0.38890285824322746
15	19	-0.5550124600450772
16	18	-0.7165518303376075
17	17	0.7796174290562021
18	16	-0.7165518303376075
19	15	-0.5550124600450772
20	14	0.38890285824322746
11	24	2.626669316784046
12	23	2.626669316784046
13	22	1.144037745814785
14	21	1.144037745814785
15	20	-0.5496842402685616
16	19	-0.5496842402685616
17	18	0.7721306643037451
18	17	0.7721306643037451
19	16	-0.5496842402685616
20	15	-0.5496842402685616
21	14	1.144037745814785
11	25	1.2273022363655173
12	24	2.6021078308612005
13	23	0.7824796611427018
14	22	1.1333349903251246
15	21	0.2067236668259511
16	20	-0.5445553025676872
17	19	0.929013458109921
18	18	0.7649238950427844
19	17	0.929013458109921
20	16	-0.5445553025676872
21	15	0.2067236668259511
11	26	1.2161328084619072
12	25	1.2161328084619072
13	24	0.7753557228819545
14	23	0.7753557228819545
15	22	0.20483647603043664
16	21	0.20483647603043664
17	20	0.9205706923598882
18	19	0.9205706923598882
19	18	0.9205706923598882
20	17	0.9205706923598882
21	16	0.20483647603043664
22	15	0.20483647603043664
11	27	-1.0903550057272469
12	26	1.2053587008268778
13	25	-0.5817636642285606
14	24	0.7684839014115141
15	23	-0.1413187143449477
16	22	0.20301603129223622
17	21	1.6486833689833702
18	20	0.9124268404493705
19	19	1.0818970979320284
20	18	0.9124268404493705
21	17	1.6486833689833702
22	16	0.20301603129223622
11	28	-1.0809659706245611
12	27	-1.0809659706245611
13	26	-0.5767579327823569
14	25	-0.5767579327823569
15	24	-0.14010820480734765
16	23	-0.14010820480734765
17	22	1.634474826118435
18	21	1.634474826118435
19	20	1.0725617667590086
20	19	1.0725617667590086
21	18	1.634474826118435
22	17	1.634474826118435
23	16	-0.14010820480734765
12	28	-1.0718926456416966
13	27	-2.8286679881413193
14	26	-0.5719205496170616
15	25	-1.4662986560128957
16	24	-0.1389384483277354
17	23	1.283173323645883
18	22	1.6207439599849067
19	21	1.7822889892299827
20	20	1.0635401903806496
21	19	1.7822889892299827
22	18	1.6207439599849067
23	17	1.283173323645883
12	29	0.4650878737872972
13	28	-2.8054905110820982
14	27	-2.8054905110820982
15	26	-1.4542868218998137
16	25	-1.4542868218998137
17	24	1.2726588116718176
18	23	1.2726588116718176
19	22	1.7676763497474894
20	21	1.7676763497474894
21	20	1.7676763497474894
22	19	1.7676763497474894
23	18	1.2726588116718176
24	17	1.2726588116718176
13	29	-1.2146040345855909
14	28	-2.78305483753752
15	27	-3.663048711793863
16	26	-1.442659450887163
17	25	-0.043410907131146814
18	24	1.2624808176718716
19	23	1.4247999057782863
20	22	1.753531327397809
21	21	2.4542661359573685
22	20	1.753531327397809
23	19	1.4247999057782863
24	18	1.2624808176718716
13	30	-1.2051268311415697
14	29	-1.2051268311415697
15	28	-3.634437220506129
16	27	-3.634437220506129
17	26	-0.04306816617474851
18	25	-0.04306816617474851
19	24	1.4136620596345892
20	23	1.4136620596345892
21	22	2.435096506632817
22	21	2.435096506632817
23	20	1.4136620596345892
24	19	1.4136620596345892
25	18	-0.04306816617474851
14	30	-1.1959391127230674
15	29	-2.014358777070356
16	28	-3.6066994733293996
17	27	-2.229109149244323
18	26	-0.04273586594899825
19	25	0.11754934789678373
20	24	1.4028642803617686
21	23	2.099155952527326
22	22	2.4165122866093043
23	21	2.099155952527326
24	20	1.4028642803617686
25	19	0.11754934789678373
14	31	-0.6505571561056058
15	30	-1.999337219546419
16	29	-1.999337219546419
17	28	-2.212469770000098
18	27	-2.212469770000098
19	26	0.11666562685627468
20	25	0.11666562685627468
21	24	2.0834886063926206
22	23	2.0834886063926206
23	22	2.0834886063926206
24	21	2.0834886063926206
25	20	0.11666562685627468
26	19	0.11666562685627468
15	31	-1.391611803859746
16	30	-1.9847543522374735
17	29	-0.6113215391442282
18	28	-2.1963162182469205
19	27	-2.0388122375636613
20	26	0.11580766600150127
21	25	0.8018672296961995
22	24	2.068278720364674
23	23	1.7493537961515813
24	22	2.068278720364674
25	21	0.8018672296961995
26	20	0.11580766600150127
15	32	-1.3816840305747746
16	31	-1.3816840305747746
17	30	-0.6069464943136609
18	29	-0.6069464943136609
19	28	-2.0242547369015256
20	27	-2.0242547369015256
21	26	0.7961375463385139
22	25	0.7961375463385139
23	24	1.736853614268739
24	23	1.736853614268739
25	22	0.7961375463385139
26	21	0.7961375463385139
27	20	-2.0242547369015256
16	32	-1.3720340534725892
17	31	0.03724891894182747
18	30	-0.6026937823304479
19	29	-0.4438072867445726
20	28	-2.010104500842772
21	27	-1.3337003347313612
22	26	0.7905681312564639
23	25	0.4761297821607968
24	24	1.7247030799505865
25	23	0.4761297821607968
26	22	0.7905681312564639
27	21	-1.3337003347313612
28	20	-2.010104500842772
16	33	0.6582452636846483
17	32	0.03699933089114893
18	31	0.03699933089114893
19	30	-0.44076953146100095
20	29	-0.44076953146100095
21	28	-1.3245666132429506
22	27	-1.3245666132429506
23	26	0.4728637972626757
24	25	0.4728637972626757
25	24	0.4728637972626757
26	23	0.4728637972626757
27	22	-1.3245666132429506
28	21	-1.3245666132429506
17	33	2.1213007842029583
18	32	0.03675647727050091
19	31	0.22713477923207392
20	30	-0.43781334409732153
21	29	0.19324464633723437
22	28	-1.3156781144318757
23	27	-1.6258725325136538
24	26	0.4696854655151128
25	25	-0.7620140888905098
26	24	0.4696854655151128
27	23	-1.6258725325136538
28	22	-1.3156781144318757
17	34	2.1073597390416126
18	33	2.1073597390416126
19	32	0.22563582152292838
20	31	0.22563582152292838
21	30	0.19198141596143614
22	29	0.19198141596143614
23	28	-1.6151799789907955
24	27	-1.6151799789907955
25	26	-0.7570057432700423
26	25	-0.7570057432700423
27	24	-1.6151799789907955
28	23	-1.6151799789907955
17	35	3.2618110532553146
18	34	2.093778569387837
19	33	2.3540470730553125
20	32	0.22417552134334073
21	31	0.8501338532392992
22	30	0.1907508356116523
23	29	-0.16164725627334064
24	28	-1.604763401064588
25	27	-2.8204659581459737
26	26	-0.7521266812850627
27	25	-2.8204659581459737
28	24	-1.604763401064588
29	23	-0.16164725627334064
18	35	3.2411789267101767
19	34	2.3391493061454867
20	33	2.3391493061454867
21	32	0.8447608800947819
22	31	0.8447608800947819
23	30	-0.1606238855212041
24	29	-0.1606238855212041
25	28	-2.8026190497688503
26	27	-2.8026190497688503
27	26	-2.8026190497688503
28	25	-2.8026190497688503
29	24	-0.1606238855212041
18	36	3.221059494380256
19	35	3.489945911345785
20	34	2.324621696294571
21	33	3.000726296354742
22	32	0.8395214481757876
23	31	0.47803589449540596
24	30	-0.1596259390414616
25	29	-1.4370008122725721
26	28	-2.7852155890265067
27	27	-4.8276973282754625
28	26	-2.7852155890265067
29	25	-1.4370008122725721
30	24	-0.1596259390414616
19	36	3.4686645367398796
20	35	3.4686645367398796
21	34	2.9824353949045417
22	33	2.9824353949045417
23	32	0.475115376551571
24	31	0.475115376551571
25	30	-1.4282404420761168
26	29	-1.4282404420761168
27	28	-4.798263630964584
28	27	-4.798263630964584
29	26	-1.4282404420761168
30	25	-1.4282404420761168
19	37	3.7971990070104766
20	36	3.44789291362963
21	35	4.116380121698512
22	34	2.964582653268053
23	33	2.603288822730974
24	32	0.47226478378627235
25	31	-0.8473110135835213
26	30	-1.4196899201092492
27	29	-3.5383954885926414
28	28	-4.769534984945267
29	27	-3.5383954885926414
30	26	-1.4196899201092492
31	25	-0.8473110135835213
19	38	3.7748542333515616
20	37	3.7748542333515616
21	36	4.092176033668011
22	35	4.092176033668011
23	34	2.587972513903196
24	33	2.587972513903196
25	32	-0.8423350037360251
26	31	-0.8423350037360251
27	30	-3.5175828375165565
28	29	-3.5175828375165565
29	28	-3.5175828375165565
30	27	-3.5175828375165565
31	26	-0.8423350037360251
19	39	3.848409463005055
20	38	3.7530260813821315
21	37	4.426588351432201
22	36	4.068531654937715
23	35	3.7311549083490263
24	34	2.573010340527617
25	33	1.2278846384128883
26	32	-0.8374740937526894
27	31	-3.021264756172286
28	30	-3.497251431597988
29	29	-2.119356372976881
30	28	-3.497251431597988
31	27	-3.021264756172286
32	26	-0.8374740937526894
19	40	3.826534322480711
20	39	3.826534322480711
21	38	4.401444967984844
22	37	4.401444967984844
23	36	3.7099487676662193
24	35	3.7099487676662193
25	34	1.2209038855328345
26	33	1.2209038855328345
27	32	-3.0041067678064337
28	31	-3.0041067678064337
29	30	-2.107303462159507
30	29	-2.107303462159507
31	28	-3.0041067678064337
32	27	-3.0041067678064337
20	40	3.805147985921394
21	39	4.4746595145470565
22	38	4.376863510948624
23	37	4.065209956565695
24	36	3.6892164950718325
25	35	2.359237579974433
26	34	1.2140791133888342
27	33	-1.0316289855056766
28	32	-2.9873322554922197
29	31	-1.7479258408152418
30	30	-2.095519844072669
31	29	-1.7479258408152418
32	28	-2.9873322554922197
33	27	-1.0316289855056766
20	41	3.6303753370998493
21	40	4.450078060968053
22	39	4.450078060968053
23	38	4.042863255636576
24	37	4.042863255636576
25	36	2.3462684824521602
26	35	2.3462684824521602
27	34	-1.0259656695682224
28	33	-1.0259656695682224
29	32	-1.738315047614833
30	31	-1.738315047614833
31	30	-1.738315047614833
32	29	-1.738315047614833
33	28	-1.0259656695682224
21	41	4.274948107402679
22	40	4.426028141993129
23	39	4.113186341425944
24	38	4.020999695405408
25	37	2.713449542632816
26	36	2.3335797791714867
27	35	0.10855853080988709
28	34	-1.0204248318646023
29	33	0.07330475903563638
30	32	-1.7289120299942624
31	31	-1.2634954418347206
32	30	-1.7289120299942624
33	29	0.07330475903563638
21	42	4.252211924003859
22	41	4.252211924003859
23	40	4.091297193621585
24	39	4.091297193621585
25	38	2.6990070932297385
26	37	2.6990070932297385
27	36	0.10797353131056298
28	35	0.10797353131056298
29	34	0.07292448108682947
30	33	0.07292448108682947
31	32	-1.2567649570430603
32	31	-1.2567649570430603
33	30	0.07292448108682947
34	29	0.07292448108682947
22	42	4.229951922703549
23	41	3.917942951401301
24	40	4.069866425172904
25	39	2.7757387278359147
26	38	2.6848670723441046
27	37	0.48372067114132733
28	36	0.10740074910108888
29	35	1.176158692957415
30	34	0.07255221245031862
31	33	0.3737671605890682
32	32	-1.2501753820445174
33	31	0.3737671605890682
34	30	0.07255221245031862
22	43	3.45110536730499
23	42	3.8977370085874554
24	41	3.8977370085874554
25	40	2.761421675018937
26	39	2.761421675018937
27	38	0.4812154569167433
28	37	0.4812154569167433
29	36	1.1701041108199206
30	35	1.1701041108199206
31	34	0.3718458891419232
32	33	0.3718458891419232
33	32	0.3718458891419232
34	31	0.3718458891419232
35	30	1.1701041108199206
23	43	3.121046562846459
24	42	3.877941306174762
25	41	2.596893597569533
26	40	2.7473952933426062
27	39	0.568705132137211
28	38	0.4787610594412399
29	37	1.5195892713234116
30	36	1.1641725053268601
31	35	1.434308473984629
32	34	0.3699636539599851
33	33	2.178783003909075
34	32	0.3699636539599851
35	31	1.434308473984629
23	44	3.1054309833289153
24	43	3.1054309833289153
25	42	2.5839001981826186
26	41	2.5839001981826186
27	40	0.5658499190897146
28	39	0.5658499190897146
29	38	1.5119970422142615
30	37	1.5119970422142615
31	36	1.4271448364781918
32	35	1.4271448364781918
33	34	2.167899007173901
34	33	2.167899007173901
35	32	1.4271448364781918
36	31	1.4271448364781918
24	44	3.0901230648619276
25	43	1.8214920856351
26	42	2.571162796354429
27	41	0.4140393637012494
28	40	0.5630509181401067
29	39	1.593943654674149
30	38	1.5045544435952252
31	37	1.7675191007724607
32	36	1.4201223947011385
33	35	3.1932779686699178
34	34	2.1572295237433536
35	33	3.1932779686699178
36	32	1.4201223947011385
24	45	1.7567374243080849
25	44	1.812641137460787
26	43	1.812641137460787
27	42	0.4120179980068315
28	41	0.4120179980068315
29	40	1.586211314952152
30	39	1.586211314952152
31	38	1.758932174646361
32	37	1.758932174646361
33	36	3.17778564707487
34	35	3.17778564707487
35	34	3.17778564707487
36	33	3.17778564707487
24	46	1.7483220875815277
25	45	0.49191255504592846
26	44	1.8039595542597908
27	43	-0.33242677957287015
28	42	0.4100352723460219
29	41	1.4311736711035792
30	40	1.578626989444274
31	39	1.8433798485566513
32	38	1.7505095670935589
33	37	3.4390120930404464
34	36	3.1625898767106264
35	35	4.190571748955563
36	34	3.1625898767106264
25	46	0.4895837577405473
26	45	0.4895837577405473
27	44	-0.3308699879130472
28	43	-0.3308699879130472
29	42	1.4244278867899993
30	41	1.4244278867899993
31	40	1.8346754004257946
32	39	1.8346754004257946
33	38	3.4227975739379417
34	37	3.4227975739379417
35	36	4.170819248611906
36	35	4.170819248611906
37	34	3.4227975739379417
25	47	-1.3546741224715788
26	46	0.48729825415102823
27	45	-1.6291263264683948
28	44	-0.3293422059114164
29	43	0.682548692844648
30	42	1.4178076298514952
31	41	1.682383363161307
32	40	1.8261328609019074
33	39	3.4945856015272057
34	38	3.4068847587852815
35	37	4.384285019281833
36	36	4.151434307689442
37	35	4.384285019281833
25	48	-1.3484681394352265
26	47	-1.3484681394352265
27	46	-1.621664206146761
28	45	-1.621664206146761
29	44	0.6794224487373413
30	43	0.6794224487373413
31	42	1.6746554663236566
32	41	1.6746554663236566
33	40	3.4785621610831186
34	39	3.4785621610831186
35	38	4.3641794988636775
36	37	4.3641794988636775
37	36	4.3641794988636775
38	35	4.3641794988636775
26	48	-1.342374516593054
27	47	-3.439563341380108
28	46	-1.6143371931343609
29	45	-0.6116338739543608
30	44	0.6763528087212762
31	43	0.9268768337565234
32	42	1.6670674014217184
33	41	3.318081123374668
34	40	3.462828772629564
35	39	4.432366002745312
36	38	4.344437913023512
37	37	4.668650014654077
38	36	4.344437913023512
26	49	-3.669756803908058
27	48	-3.424218725007222
28	47	-3.424218725007222
29	46	-0.6088986502459193
30	45	-0.6088986502459193
31	44	0.9227339036560807
32	43	0.9227339036560807
33	42	3.3032748004854966
34	41	3.3032748004854966
35	40	4.412583507954423
36	39	4.412583507954423
37	38	4.6477987586974905
38	37	4.6477987586974905
39	36	4.412583507954423
26	50	-3.6535981893605367
27	49	-5.732232275393699
28	48	-3.4091445453359484
29	47	-2.4154069855117086
30	46	-0.606211607125033
31	45	-0.35782139579396244
32	44	0.9186639587533136
33	43	2.566601828535795
34	42	3.288729414116915
35	41	4.250158903718329
36	40	4.3931496315358345
37	39	4.697123041033137
38	38	4.627314897721362
39	37	4.697123041033137
27	50	-5.707319744202323
28	49	-5.707319744202323
29	48	-2.4049003726122464
30	47	-2.4049003726122464
31	46	-0.3562706930204058
32	45	-0.3562706930204058
33	44	2.555448893587254
34	43	2.555448893587254
35	42	4.231684312930611
36	41	4.231684312930611
37	40	4.676696596500733
38	39	4.676696596500733
39	38	4.676696596500733
40	37	4.676696596500733
27	51	-3.505227472374372
28	50	-5.682834943950411
29	49	-4.697772361746274
30	48	-2.3945741167628967
31	47	-2.148643728643492
32	46	-0.35474663147306273
33	45	1.278905143049542
34	44	2.5444874534989594
35	43	3.4986241058265932
36	42	4.213526907051801
37	41	4.51664740112642
38	40	4.656620812992514
39	39	4.746180585328148
40	38	4.656620812992514
28	51	-3.490385899695184
29	50	-4.677861546287659
30	49	-4.677861546287659
31	48	-2.1395439262232685
32	47	-2.1395439262232685
33	46	1.2734922300296603
34	45	1.2734922300296603
35	44	3.483802847590823
36	43	3.483802847590823
37	42	4.4975035944517
38	41	4.4975035944517
39	40	4.726063098564964
40	39	4.726063098564964
41	38	4.4975035944517
28	52	-3.4757927668331376
29	51	-2.4719608446841903
30	50	-4.658283955506249
31	49	-4.414855518151398
32	48	-2.1305964422383568
33	47	-0.5103547278961287
34	46	1.2681699345646393
35	45	2.2143833524355614
36	44	3.469229662588077
37	43	3.763138427466174
38	42	4.4786801731379455
39	41	4.567482402712358
40	40	4.70628228930741
41	39	4.567482402712358
28	53	-1.8539358210878163
29	52	-2.461738404729658
30	51	-2.461738404729658
31	50	-4.396616399264076
32	49	-4.396616399264076
33	48	-0.5082395541967344
34	47	-0.5082395541967344
35	46	2.2052363209372743
36	45	2.2052363209372743
37	44	3.7475853750202077
38	43	3.7475853750202077
39	42	4.548600718694161
40	41	4.548600718694161
41	40	4.548600718694161
42	39	4.548600718694161
28	54	-1.8463742620479024
29	53	-0.8384355946379856
30	52	-2.4516828380774314
31	51	-2.1818388820722703
32	50	-4.378675083057715
33	49	-2.771280219408254
34	48	-0.506158892215808
35	47	0.4319991344027585
36	46	2.1962386442965
37	45	2.4877257884199935
38	44	3.7322862452683694
39	43	3.817249410786644
40	42	4.530027285397864
41	41	4.392362424623343
42	40	4.530027285397864
29	54	-0.8350488647911334
30	53	-0.8350488647911334
31	52	-2.1730406964045414
32	51	-2.1730406964045414
33	50	-2.7600993115252095
34	49	-2.7600993115252095
35	48	0.4302607764595905
36	47	0.4302607764595905
37	46	2.477691741488343
38	45	2.477691741488343
39	44	3.8018535750193223
40	43	3.8018535750193223
41	42	4.374642297788341
42	41	4.374642297788341
43	40	3.8018535750193223
29	55	0.16764846154001134
30	54	-0.8317160879746552
31	53	-0.5632508339613196
32	52	-2.1643827226539543
33	51	-0.5333750076583783
34	50	-2.749096566870776
35	49	-1.8188582258057977
36	48	0.4285501349122569
37	47	0.7176930680041096
38	46	2.467817593077598
39	45	2.55209930629303
40	44	3.786703083524799
41	43	3.648400719993333
42	42	4.357204537390771
43	41	3.648400719993333
30	55	0.16699750172620043
31	54	-0.5610354975326572
32	53	-0.5610354975326572
33	52	-0.5312702755936698
34	51	-0.5312702755936698
35	50	-1.8116934182964997
36	49	-1.8116934182964997
37	48	0.7148649664563891
38	47	0.7148649664563891
39	46	2.542047978692608
40	45	2.542047978692608
41	44	3.63403291483678
42	43	3.63403291483678
43	42	3.63403291483678
44	41	3.63403291483678
30	56	0.16635670427626792
31	55	0.4703755077948699
32	54	-0.5588546497856441
33	53	1.0454583411951717
34	52	-0.5291982867029219
35	51	0.4098595328318879
36	50	-1.8046401136755321
37	49	-1.5177682140608795
38	48	0.7120808744653004
39	47	0.7957024205677499
40	46	2.532153082685909
41	45	2.3949304562947873
42	44	3.6198887239945634
43	43	2.927871709525789
44	42	3.6198887239945634
31	56	0.4685670755090996
32	55	0.4685670755090996
33	54	1.041448080927239
34	53	1.041448080927239
35	52	0.40828805383466715
36	51	0.40828805383466715
37	50	-1.5119327188626812
38	49	-1.5119327188626812
39	48	0.7926386928877491
40	47	0.7926386928877491
41	46	2.3857151718614205
42	45	2.3857151718614205
43	44	2.9166058894520575
44	43	2.9166058894520575
31	57	1.9956513414222172
32	56	0.46678615059818185
33	55	2.107370450874896
34	54	1.0374988492294506
35	53	1.979493253085593
36	52	0.4067404921217985
37	51	0.6935640138133294
38	50	-1.5061859848465247
39	49	-1.4232044579441663
40	48	0.7896215518205736
41	47	0.6534456860251794
42	46	2.3766400333581714
43	45	1.689904101082675
44	44	2.905511400233081
45	43	1.689904101082675
32	57	1.988150575297368
33	56	2.0994546507563427
34	55	2.0994546507563427
35	54	1.972055982885422
36	53	1.972055982885422
37	52	0.6909593658233462
38	51	0.6909593658233462
39	50	-1.4178569352613977
40	49	-1.4178569352613977
41	48	0.6509854632377028
42	47	0.6509854632377028
43	46	1.6835463193549458
44	45	1.6835463193549458
45	44	1.6835463193549458
32	58	1.9807613518523794
33	57	3.6101628308974796
34	56	2.0916565806992367
35	55	3.047923080028795
36	54	1.964729319945036
37	53	2.25145491598073
38	52	0.6883934580318964
39	51	0.7695693256987397
40	50	-1.412588940217347
41	49	-1.5477492990457904
42	48	0.6485618126889676
43	47	-0.03305070281862754
44	46	1.6772830636564322
45	45	0.470747580033958
46	44	1.6772830636564322
33	58	3.5968968223407956
34	57	3.5968968223407956
35	56	3.0367243125617733
36	55	3.0367243125617733
37	54	2.2431781054510793
38	53	2.2431781054510793
39	52	0.7667410893770921
40	51	0.7667410893770921
41	50	-1.5420622477788584
42	49	-1.5420622477788584
43	48	-0.03293359750773561
44	47	-0.03293359750773561
45	46	0.4690121418113904
46	45	0.4690121418113904
33	59	4.645805021417573
34	58	3.5838237975681295
35	57	4.532941413406206
36	56	3.0256884604098104
37	55	3.3365897171215693
38	54	2.2350216887075476
39	53	2.3121845067566937
40	52	0.7639539949395839
41	51	0.6150373061352639
42	50	-1.5364579286324442
43	49	-2.213096635974125
44	48	-0.03281820926167711
45	47	-1.2305467657547524
46	46	0.46730193201597103
47	45	-1.2305467657547524
34	59	4.629099661337932
35	58	4.516642900182205
36	57	4.516642900182205
37	56	3.3245897208344104
38	55	3.3245897208344104
39	54	2.3038678620089286
40	53	2.3038678620089286
41	52	0.612824963653793
42	51	0.612824963653793
43	50	-2.20513980586702
44	49	-2.20513980586702
45	48	-1.2261247443507273
46	47	-1.2261247443507273
47	46	-1.2261247443507273
34	60	4.612632122222976
35	59	5.556091736229519
36	58	4.500576419444087
37	57	4.808297634727296
38	56	3.312760552317968
39	55	3.4093853857373233
40	54	2.2956696074140837
41	53	2.1453120142500666
42	52	0.6106441140600509
43	51	-0.08824488699679023
44	50	-2.197296254085586
45	49	-3.386469526250039
46	48	-1.2217656842381075
47	47	-2.907486048256942
48	46	-1.2217656842381075
34	61	5.065878056341717
35	60	5.536534124539685
36	59	5.536534124539685
37	58	4.791370099567075
38	57	4.791370099567075
39	56	3.3973793258769547
40	55	3.3973793258769547
41	54	2.1377588332065898
42	53	2.1377588332065898
43	52	-0.08793643970557241
44	51	-0.08793643970557241
45	50	-3.3745493008138965
46	49	-3.3745493008138965
47	48	-2.8972525006547585
48	47	-2.8972525006547585
35	61	6.027738819509295
36	60	5.517249115028562
37	59	5.825114743823633
38	58	4.774678501065864
39	57	4.8704736952793155
40	56	3.3855405968101877
41	55	3.2420350492254784
42	54	2.1303109270681944
43	53	1.432922007412344
44	52	-0.08763229828446129
45	51	-1.3106788981790487
46	50	-3.362795225245918
47	49	-5.036726526502207
48	48	-2.887161595167754
49	47	-5.036726526502207
35	62	6.006962418796775
36	61	6.006962418796775
37	60	5.805029418877439
38	59	5.805029418877439
39	58	4.853678791170296
40	57	4.853678791170296
41	56	3.2308517592618955
42	55	3.2308517592618955
43	54	1.4279811279645855
44	53	1.4279811279645855
45	52	-1.3061623557016446
46	51	-1.3061623557016446
47	50	-5.019362157895557
48	49	-5.019362157895557
49	48	-5.019362157895557
35	63	6.0186143776288645
36	62	5.986469685117299
37	61	6.328953275379035
38	60	5.7852183038082785
39	59	5.879635910327579
40	58	4.837113171749252
41	57	4.694405850864314
42	56	3.219821132988045
43	55	2.511190353887514
44	54	1.423107702876905
45	53	0.20700703597094616
46	52	-1.3017074823183066
47	51	-3.020342811565797
48	50	-5.002234859614646
49	49	-7.137075664205213
36	63	5.998288832104663
37	62	6.307578679950211
38	61	6.307578679950211
39	60	5.859770543717332
40	59	5.859770543717332
41	58	4.678543576851098
42	57	4.678543576851098
43	56	2.5027026730795114
44	55	2.5027026730795114
45	54	0.20630795476654384
46	53	0.20630795476654384
47	52	-3.0101418753988582
48	51	-3.0101418753988582
49	50	-7.1129671688690905
50	49	-7.1129671688690905
36	64	5.978235225844401
37	63	6.3336937183005375
38	62	6.286490057190349
39	61	6.435883679401286
40	60	5.840170933018044
41	59	5.693378149361706
42	58	4.662893501965073
43	57	3.9603661672142607
44	56	2.4943285304116216
45	55	1.2573373481370709
46	54	0.20561822719378142
47	53	-1.501691063951057
48	52	-3.0000774168379394
49	51	-5.189224980035988
50	50	-7.089181209005119
36	65	6.3214733049724146
37	64	6.312719520423116
38	63	6.312719520423116
39	62	6.414570463784912
40	61	6.414570463784912
41	60	5.67452363203347
42	59	5.67452363203347
43	58	3.9472486111894796
44	57	3.9472486111894796
45	56	1.2531690831256128
46	55	1.2531690831256128
47	54	-1.4967180293926958
48	53	-1.4967180293926958
49	52	-5.1720444912944
50	51	-5.1720444912944
37	65	6.6426006591800615
38	64	6.292020393079383
39	63	6.4289519792012015
40	62	6.39353676301198
41	61	6.285408847549434
42	60	5.655916384162083
43	59	4.9605251597208735
44	58	3.934303080696054
45	57	2.705448922951973
46	56	1.2490554712123867
47	55	-0.4933517125639355
48	54	-1.491810213838562
49	53	-3.6660872149648185
50	52	-5.155089330048895
51	51	-3.223622212044347
37	66	6.621038392830087
38	65	6.621038392830087
39	64	6.4080733198209145
40	63	6.4080733198209145
41	62	6.2649981353449675
42	61	6.2649981353449675
43	60	4.944415252718272
44	59	4.944415252718272
45	58	2.6966602576969763
46	57	2.6966602576969763
47	56	-0.4917550218649467
48	55	-0.4917550218649467
49	54	-3.65418343742067
50	53	-3.65418343742067
51	52	-3.21314957145637
37	67	6.5118693760030055
38	66	6.599753471514532
39	65	6.7445109677569235
40	64	6.3874631848555055
41	63	6.276357321956084
42	62	6.24484993430724
43	61	5.584430810160029
44	60	4.928512538259383
45	59	3.707306840120509
46	58	2.6879846187248404
47	57	0.956782387740077
48	56	-0.49017888128742015
49	55	-2.71339686304691
50	54	-3.6424327622398778
51	53	-1.7144284335502107
52	52	-3.2028116117965055
38	67	6.491127598580988
39	66	6.723028381985387
40	65	6.723028381985387
41	64	6.256364313664335
42	63	6.256364313664335
43	62	5.566637673928881
44	61	5.566637673928881
45	60	3.6954949352154927
46	59	3.6954949352154927
47	58	0.9537303701072233
48	57	0.9537303701072233
49	56	-2.7047603035375687
50	55	-2.7047603035375687
51	54	-1.7089641147540533
52	53	-1.7089641147540533
38	68	6.470647541369999
39	67	6.615318407132918
40	66	6.701816864522016
41	65	6.5939770098434565
42	64	6.23662357417993
43	63	5.5803747702516375
44	62	5.549069037669369
45	61	4.34120035523415
46	60	3.6838320647675573
47	59	1.9633103201927042
48	58	0.9507168513291617
49	57	-1.2584871307979029
50	56	-2.6962327366700265
51	55	-0.8777468140119709
52	54	-1.7035687354537004
53	53	-0.22588202646807076
38	69	5.859168214149577
39	68	6.594639437441856
40	67	6.594639437441856
41	66	6.573366967574884
42	65	6.573366967574884
43	64	5.562926783768944
44	63	5.562926783768944
45	62	4.327628971443573
46	61	4.327628971443573
47	60	1.9571696746888847
48	59	1.9571696746888847
49	58	-1.2545590137219733
50	57	-1.2545590137219733
51	56	-0.8749940862271615
52	55	-0.8749940862271615
53	54	-0.22517247035648325
39	69	6.005592158922127
40	68	6.574216541129317
41	67	6.475637762782526
42	66	6.553012151201074
43	65	5.9008805466860395
44	64	5.545694850026848
45	63	4.344166255751816
46	62	4.314225643512145
47	61	2.602661131355262
48	60	1.9511050618157242
49	59	-0.2446294182504971
50	58	-1.250679554497765
51	57	0.566524178364034
52	56	-0.8722754227253517
53	55	0.5095199279746794
54	54	-0.2244716916404741
39	70	5.987158731452382
40	69	5.987158731452382
41	68	6.4557688125823915
42	67	6.4557688125823915
43	66	5.882771130556648
44	65	5.882771130556648
45	64	4.33083513990664
46	63	4.33083513990664
47	62	2.5946714844230883
48	61	2.5946714844230883
49	60	-0.24388394537800195
50	59	-0.24388394537800195
51	58	0.5647909150582109
52	57	0.5647909150582109
53	56	0.5079634831347448
54	55	0.5079634831347448
40	70	5.968949391839942
41	69	5.9013673566660145
42	68	6.436141420349031
43	67	5.800148925697158
44	66	5.864881870645831
45	65	4.67139454670837
46	64	4.317666093025764
47	63	2.6165362245963024
48	62	2.5867789624142006
49	61	0.38495878839671605
50	60	-0.24314754824490592
51	59	1.5606729009339233
52	58	0.5630787365159904
53	57	1.9208326475693411
54	56	0.5064259785199283
40	71	4.989349519272309
41	70	5.883574992631338
42	69	5.883574992631338
43	68	5.782668307713948
44	67	5.782668307713948
45	66	4.657318888813734
46	65	4.657318888813734
47	64	2.60864876182859
48	63	2.60864876182859
49	62	0.38379280525759896
50	61	0.38379280525759896
51	60	1.5559776230868465
52	59	1.5559776230868465
53	58	1.9150565598340563
54	57	1.9150565598340563
55	56	1.4154265041770486
40	72	4.974450832355842
41	71	4.900796349277925
42	70	5.8659950335393205
43	69	5.219287745801921
44	68	5.765396390429714
45	67	4.587600941342771
46	66	4.643411287900108
47	65	2.9524723901240577
48	64	2.6008554635855035
49	63	0.41221902912252517
50	62	0.3826407289325289
51	61	2.13665200204332
52	60	1.551338422719482
53	59	2.913191853961507
54	58	1.9093494652297522
55	57	2.8357245915012754
40	73	3.628038082061039
41	72	4.886289231599676
42	71	4.886289231599676
43	70	5.203840370293619
44	69	5.203840370293619
45	68	4.574021919097504
46	67	4.574021919097504
47	66	2.9437311951585343
48	65	2.9437311951585343
49	64	0.4109926793842078
50	63	0.4109926793842078
51	62	2.130334492259408
52	61	2.130334492259408
53	60	2.9045769735487283
54	59	2.9045769735487283
55	58	2.827341840918052
56	57	2.827341840918052
41	73	3.5441669266106146
42	72	4.871952268611494
43	71	4.24778859520211
44	70	5.18857418425614
45	69	4.044323578068088
46	68	4.560602168614423
47	67	2.8878865702190524
48	66	2.9350925230417033
49	65	0.7593310169027063
50	64	0.40978069922607574
51	63	2.1534946439846863
52	62	2.124091098360168
53	61	3.4112420676831334
54	60	2.8960631584495786
55	59	3.800386344553772
56	58	2.8190574400487094
41	74	3.533856274447089
42	73	3.533856274447089
43	72	4.235434573419752
44	71	4.235434573419752
45	70	4.032558881574005
46	69	4.032558881574005
47	68	2.879484064525059
48	67	2.879484064525059
49	66	0.7571171499239426
50	65	0.7571171499239426
51	64	2.1378990889745637
52	63	2.1378990889745637
53	62	3.4013318085167157
54	61	3.4013318085167157
55	60	3.7893480843306406
56	59	3.7893480843306406
41	75	1.7953430114048388
42	74	3.5236644597923714
43	73	2.9028675086419753
44	72	4.223222949255614
45	71	3.0855819944422365
46	70	4.020929784264808
47	69	2.3724917836930217
48	68	2.871178401423549
49	67	0.7133531028528068
50	66	0.7549287882984572
51	65	2.488204955012179
52	64	2.1317466465350208
53	63	3.421904165601063
54	62	3.391535804541263
55	61	4.216922606053004
56	60	3.778437090929174
57	59	5.187023923532934
42	75	1.7902050121720094
43	74	2.894567852063119
44	73	2.894567852063119
45	72	3.076758028225413
46	71	3.076758028225413
47	70	2.365703442869062
48	69	2.365703442869062
49	68	0.7113066588976835
50	67	0.7113066588976835
51	66	2.481099686807738
52	65	2.481099686807738
53	64	3.4121323257661516
54	63	3.4121323257661516
55	62	4.204882884755534
56	61	4.204882884755534
57	60	5.172207134474775
42	76	1.7851252149328047
43	75	1.18651355844122
44	74	2.8863622305555054
45	73	1.755180680835565
46	72	3.068034033170079
47	71	1.4289584190155438
48	70	2.3589920023532613
49	69	0.22482332138224592
50	68	0.7092833855926983
51	67	2.4300094352756787
52	66	2.474074941282879
53	65	3.7465065385595153
54	64	3.4024712279494906
55	63	4.22666910865928
56	62	4.1929796130380055
57	61	5.489824949307149
42	77	0.6235096713112398
43	76	1.1831663228781508
44	75	1.1831663228781508
45	74	1.750242454866111
46	73	1.750242454866111
47	72	1.4249346438941757
48	71	1.4249346438941757
49	70	0.22418053813976258
50	69	0.22418053813976258
51	68	2.423188081538001
52	67	2.423188081538001
53	66	3.73598865693225
54	65	3.73598865693225
55	64	4.21480214304529
56	63	4.21480214304529
57	62	5.474408672995196
58	61	5.474408672995196
43	77	0.013910363287777727
44	76	1.1798563501170065
45	75	0.04558031455553646
46	74	1.7453592338342787
47	73	0.11543676549445081
48	72	1.4209556804953536
49	71	-0.7012932442303281
50	70	0.2235448918684142
51	69	1.934307229003025
52	68	2.416442742654226
53	67	3.6789104970125663
54	66	3.725587981207809
55	65	4.541789495486228
56	64	4.203067414697443
57	63	5.489187193790713
58	62	5.459164178000492
43	78	0.0138666272955561
44	77	0.0138666272955561
45	76	0.045446218999131816
46	75	0.045446218999131816
47	74	0.11510812605092724
48	73	0.11510812605092724
49	72	-0.6993672651128691
50	71	-0.6993672651128691
51	70	1.928969311581568
52	69	1.928969311581568
53	68	3.6687541165561015
54	67	3.6687541165561015
55	66	4.529251430345539
56	65	4.529251430345539
57	64	5.474027207888412
58	63	5.474027207888412
59	62	6.290757917493011
43	79	-1.1062352700782867
44	78	0.013823359055095352
45	77	-1.0996629451274202
46	76	0.04531357520409074
47	75	-1.5703229594769255
48	74	0.11478306692697515
49	73	-1.995808097598001
50	72	-0.6974624174299606
51	71	1.0039330243780569
52	70	1.923689904549974
53	69	3.187369842242333
54	68	3.6587090543889644
55	67	4.474329476881394
56	66	4.516850789278578
57	65	5.799204358575935
58	64	5.459033368350447
59	63	6.306836036488221
44	79	-1.1032342129306016
45	78	-1.0966823210619623
46	77	-1.0966823210619623
47	76	-1.5660658772608258
48	75	-1.5660658772608258
49	74	-1.990395893580171
50	73	-1.990395893580171
51	72	1.001210180367707
52	71	1.001210180367707
53	70	3.1787115254201126
54	69	3.1787115254201126
55	68	4.462173789974713
56	67	4.462173789974713
57	66	5.783450176797032
58	65	5.783450176797032
59	64	6.289702120092443
44	80	-1.1002655232068719
45	79	-2.207737563664523
46	78	-1.0937338496205484
47	77	-2.700584388986499
48	76	-1.5618547154940643
49	75	-3.655810790252872
50	74	-1.985042066625283
51	73	-0.2928108431506189
52	72	0.9985167048193944
53	71	2.2553610725776707
54	70	3.170146567144002
55	69	3.970548440140192
56	68	4.450149169195356
57	67	5.701308588431857
58	66	5.767865863032512
59	65	6.607586749999427
60	64	6.2727529472895185
44	81	-2.555720437783748
45	80	-2.2018417978333673
46	79	-2.2018417978333673
47	78	-2.69337310658193
48	77	-2.69337310658193
49	76	-3.6460475756816777
50	75	-3.6460475756816777
51	74	-0.2920227805348077
52	73	-0.2920227805348077
53	72	2.2493335038793703
54	71	2.2493335038793703
55	70	3.959933995625761
56	69	3.959933995625761
57	68	5.686069140133441
58	67	5.686069140133441
59	66	6.5899262982543405
60	65	6.5899262982543405
45	81	-3.650531987010254
46	80	-2.19600860237324
47	79	-3.7943159865890266
48	78	-2.686238357140155
49	77	-4.7690106373715935
50	76	-3.6363879750110755
51	75	-1.9498530522610054
52	74	-0.2912430684109495
